-1.663824
4.14063
3.504261
1.459322
-4.136187
3.321852
-0.6381478
-1.725174
2.128496
-0.4380546
-1.190543
-4.197492
-0.5992732
-1.666786
-1.503781
-4.007676
-2.556084
-1.512874
-3.956349
-2.574579
-1.538639
4.142773
-1.549261
-1.080593
-0.9329864
0.3029289
-0.8301501
4.835209
-2.416231
0.9456691
0.4154525
0.07530832
-1.002348
-3.507237
-0.698348
0.9947039
-2.701108
-3.517756
-3.189368
-0.8695927
0.7532372
4.404178
-4.119674
1.371117
-1.762882
-1.673213
-2.013143
-1.243235
-2.471304
-3.665733
3.636865
3.354769
1.357667
-1.874163
1.953714
-0.3721375
-4.456621
-2.867924
-3.19143
1.782501
-2.044962
-2.348316
3.497425
0.6263418
-0.1235223
3.327559
-2.008809
1.266187
-4.508312
2.682823
0.3428001
-1.853351
2.599688
3.687073
2.791477
4.188614
1.117992
-1.3467
-3.283477
0.9623433
3.218498
2.494315
2.068099
-3.191892
-1.06504
0.7410197
-1.675931
-4.633809
2.65734
0.377274
-1.195322
1.391429
0.07472563
-4.485884
2.252721
-0.1119633
-1.328988
-0.7425637
2.520603
-0.6430511
-4.868261
4.451847
-4.727293
-2.723204
-1.289713
3.441431
0.8775773
-2.708459
1.092499
3.705034
1.363171
3.401627
-3.871781
3.49752
-0.823998
2.619708
0.8840389
-0.9471502
-2.191884
1.658284
4.2647
2.020267
1.464196
-4.115816
-3.691825
1.914153
4.399424
-3.842713
3.894578
0.4953375
3.64818
1.31649
-1.380179
-2.455742
1.840889
-2.283891
4.573891
-2.848267
-2.035428
-3.335242
-0.4151549
3.074992
4.147633
0.6527033
-4.212521
4.120805
-2.428828
0.4497595
2.598142
0.7863441
4.499408
1.676459
-4.692193
-0.5559092
-2.580822
3.82937
-2.053175
-2.675257
3.756313
3.944534
-1.550507
2.736156
-4.234956
3.83735
1.161629
0.2759109
-4.735311
0.6114173
-1.636711
-3.408647
-0.9767013
3.627519
3.583657
-2.935359
4.749693
-1.878534
2.298606
2.992528
-2.273961
-0.6520119
3.353941
-1.164388
-2.398387
-0.9804045
-2.94581
-2.871411
3.449337
-4.571012
-2.508257
-0.5863571
4.630919
0.341105
-4.396345
0.04003429
4.338545
-2.26104
-2.666617
-2.510489
-0.5135274
0.2059116
-4.381333
0.9679322
2.673268
2.152874
-0.8772726
-1.239596
2.431841
-0.1228151
-3.871277
-1.838334
1.892414
-1.029597
4.186673
-2.127068
-2.747287
-0.6356187
1.330323
-2.03215
-2.017401
2.047323
-4.302655
0.6188626
3.10682
1.048082
1.616714
4.84547
0.9637885
0.2241783
-4.187593
1.368208
-1.838073
-0.9133493
2.279328
0.3154016
-3.480456
-3.234291
-2.499569
-2.284226
2.073972
2.715182
-1.914838
-0.5782509
0.7256303
2.620202
4.183987
-2.960707
1.692262
-3.6881
1.852931
1.358477
0.716742
0.4716725
-3.481888
2.402724
0.565948
-1.935258
0.2766013
0.6774621
-4.622547
-2.192915
-0.4206629
-4.371838
-1.091291
1.136852
-3.87254
-4.262516
-2.549242
-0.0849781
-2.165026
4.41216
2.487483
0.06103134
-4.528208
0.3476453
-2.965405
3.309934
2.834134
-2.69573
4.255458
1.27603
-2.278058
4.357556
-1.197025
-4.638064
0.06215286
-0.1524653
3.243279
-3.599451
-4.706451
-2.173346
-3.78547
-1.508268
4.758867
2.039633
-4.656009
-1.6373
-3.839051
-2.766066
2.106913
-4.180389
3.619811
2.414308
1.172742
-2.595134
-2.236522
-4.548832
-3.203646
3.163564
-0.03741837
-0.1267838
-2.537929
0.08114004
2.161509
-1.450688
-4.752692
-4.88144
2.56833
0.4773569
1.946419
3.006301
4.796183
-2.355236
2.561278
2.592643
-3.348528
4.516876
3.134368
4.83175
2.996642
-1.961529
0.2354136
0.2538533
0.8323393
1.282746
-3.008173
3.397375
1.503474
2.493703
3.65557
1.436467
0.5136161
-2.772108
2.735767
-4.773602
-0.5697799
2.972773
3.047648
1.668256
-4.81255
-4.676444
2.111086
-4.584528
0.1246963
-2.797471
1.454077
-4.730795
-1.470504
-0.3582749
3.919074
-3.771331
-0.8861642
1.247136
2.057592
4.874473
3.726484
0.1783609
4.357626
-2.235303
3.008057
4.241965
3.054013
-1.14365
4.581803
-2.381847
4.248527
0.5185919
0.7557559
-4.165723
4.745572
3.090435
4.151661
-3.332385
-1.605645
4.373456
0.9890099
1.982882
2.605472
-4.267203
1.978238
-2.47007
-2.856904
3.603739
-1.869318
2.974777
1.151038
-1.591485
0.5687647
-2.417212
4.317547
-3.491731
0.8539753
-2.861915
1.183102
1.294482
-1.112114
2.343787
-1.226481
0.8449097
1.999137
4.195172
-0.07210016
1.474698
2.975207
-0.8848171
3.860023
-0.8251462
-3.670793
3.021836
-0.6973877
-4.021518
-1.375336
-0.03099871
2.766788
0.8238368
-1.245372
3.139747
-0.100657
1.460867
-0.3615332
1.760337
-3.484084
-0.4385571
-0.2888541
4.446803
0.06455803
-3.425566
-3.956369
3.663301
-2.325974
0.8799992
-0.2165055
1.74561
-4.629953
-4.541067
-0.6224174
4.069881
-3.022277
0.1567693
-1.706028
1.368967
-4.810034
1.415307
0.007011414
-3.66129
-4.893353
-1.429555
2.384751
-2.200419
2.919298
3.077725
-4.877266
1.160508
-4.325559
-1.49077
0.2021418
0.2246947
-1.29765
2.010177
-2.828622
-1.176148
2.780511
3.625845
0.6266909
2.494993
-0.4367056
-0.2617321
0.9260378
-2.773877
-2.786665
3.007739
0.6647573
2.460999
1.569767
-4.153428
-3.097151
-1.433999
2.094539
2.742036
4.260129
-0.3422732
3.060092
-1.488191
-3.51387
1.718765
3.88713
-1.392971
4.557459
0.67522
-0.3689237
-0.3109069
-4.061191
1.864766
-0.9820484
3.792662
1.473897
2.285284
4.547784
1.969665
-4.252688
2.822687
-3.095622
-0.7676616
-1.866339
-3.147752
-3.97661
1.454815
-4.798848
-1.979154
-2.200306
2.291924
4.296464
0.3809228
-4.422446
-3.83022
-1.437251
2.154527
-2.119311
-4.47138
-2.439464
4.184337
-1.34515
4.169218
-1.518098
-2.508623
-4.167953
0.3967104
-2.973192
-3.442749
1.395811
-1.651672
2.939643
-1.553624
-4.433019
3.40346
3.130442
1.655782
3.409185
-1.396389
-0.1351132
2.448491
-4.898134
-0.6860952
-3.049313
1.947125
1.538564
-2.01477
2.286243
-0.9593434
-1.205754
4.837189
-3.497794
-4.405713
2.172456
1.195767
2.630756
-0.09543943
2.127247
-0.1579924
-1.027199
-2.535448
4.302872
-1.737271
1.555829
0.8331046
4.177126
