-31.19519
20.60956
41.52656
-47.42558
-37.73202
10.9141
7.87323
-3.717438
12.96684
0.1090775
26.49489
6.239174
-10.47312
-25.42572
-14.22314
-8.952362
-4.089584
-1.051247
23.01251
42.42941
-9.010216
-19.89762
30.00382
1.117455
-28.6523
-20.31767
-33.01337
25.72857
-39.9301
8.93837
9.20768
5.380089
-31.6001
34.52121
-47.85284
38.29797
-44.60735
29.06152
-19.27825
6.6325
14.82215
2.780121
27.81471
-20.53365
-14.40797
-46.83673
40.45413
-9.11628
17.45948
-43.70764
8.659889
-17.05983
34.46682
-22.46375
46.3548
-25.5089
-34.69489
31.16278
32.03348
13.93112
9.421661
23.37593
-38.31429
9.841789
24.28053
40.97629
-21.04523
-29.67821
46.66549
10.04284
-29.34982
9.661324
-28.83104
30.44589
26.50801
22.30511
-47.73648
-1.132889
-17.94737
-21.17806
-45.85701
22.90299
41.68788
-23.83826
37.81528
-46.78336
44.24301
-32.26091
15.6119
-0.0231781
4.493675
18.59944
-37.02893
-2.924889
29.20516
-17.05786
27.86267
-41.36264
12.98001
0.02750397
-44.0021
-23.0661
-33.91853
-10.60037
-46.65191
-44.91978
46.97124
6.981369
14.46366
-40.47334
43.58476
-29.52876
43.58149
-46.09863
-13.87842
6.024612
39.16484
18.30363
-17.68931
18.22432
33.61029
-36.13942
20.04009
-10.61836
-13.48792
10.1592
-2.281731
15.31711
-11.59603
-4.942871
17.83891
-5.301186
12.41462
35.007
-0.8308716
-24.84261
-27.81299
-32.49156
9.685188
42.16748
-42.36008
-8.8647
44.82173
-40.85745
-16.94157
-7.906807
-1.943108
-23.85314
36.41671
29.13031
-1.999062
46.36988
-3.258369
-27.33714
-41.6334
-24.05939
-29.52212
-29.90046
-29.10698
37.33636
26.66987
-25.17426
-45.13058
21.42433
-16.12476
-18.31741
-4.340729
36.2173
-32.02553
25.61867
11.56285
-41.78451
42.4221
-16.84521
-41.89542
-15.15414
-9.272697
15.39142
32.38458
6.765892
-26.38455
-9.39669
-6.267845
-30.94287
-43.1317
5.779549
3.081856
42.0253
14.06022
7.81514
-19.53199
17.81486
-18.28977
16.06227
-8.447266
17.83061
38.74697
32.18597
1.34977
39.40045
12.77736
-21.40662
34.01132
11.30154
36.49483
-44.71849
4.163582
25.86157
30.20197
-40.78278
-15.75766
5.968338
-11.93411
-34.74361
-30.70987
-46.41804
46.44176
-17.26672
-46.43904
21.0274
0.8073959
-11.0136
-29.57059
36.27594
-3.618408
-35.04306
0.5795212
-20.25996
12.60641
-35.14458
8.565804
44.25798
-19.80264
-5.737808
18.65926
-11.3518
20.78041
23.24507
-41.29456
-33.44293
37.03587
-35.4662
28.20816
16.59981
9.544632
7.212097
-4.873047
38.17129
11.6011
18.00438
-22.90951
30.99454
19.4488
2.835281
-44.33893
26.91264
-24.74462
-15.34731
-31.67966
46.26367
0.4254837
25.11263
28.36664
-0.1139526
35.0681
-42.2375
-42.8562
-39.57875
-47.35846
-42.04279
15.65984
-33.97877
34.79854
-42.64233
-14.41123
32.39684
-1.74894
-20.52627
23.02267
13.17727
26.91704
34.11694
4.594215
38.11205
-21.215
20.37164
21.4684
-19.51248
-28.32773
-26.12727
14.27984
-46.91148
-10.56367
-6.58181
46.01794
-34.97256
44.91313
33.33694
-4.008858
-0.3663788
32.86684
39.98817
23.06417
-33.77905
-31.465
-38.68903
2.964417
36.79108
39.21082
14.51527
-25.70729
-41.99661
-11.13129
-42.98753
-42.98889
31.78542
6.791718
25.99514
-29.03566
46.18341
-37.64323
30.60803
-19.41677
42.81006
44.83856
47.51873
1.713379
-19.93642
4.259659
-36.68643
38.97035
37.59563
46.5577
5.380821
-24.72952
-24.90617
9.561363
-37.82225
-45.13106
-30.93408
19.61332
13.23902
-39.86334
-23.00788
25.47808
25.8007
23.19472
46.61421
28.32477
40.42284
-26.08644
-28.84125
37.41196
2.682487
-33.61557
10.3581
5.880585
-31.51641
-34.32526
-8.806282
43.14437
-35.97134
-7.630608
23.45672
-46.54695
-12.3968
-8.005219
36.04191
5.13916
24.8587
24.92166
11.12887
-40.29298
26.61769
23.88683
47.85622
33.67627
-19.42928
-28.40361
24.18474
45.92661
11.52041
11.82474
30.41385
29.29628
-26.98425
-1.620239
39.98981
7.918938
15.87292
-7.227325
-15.9548
-17.29629
18.29605
-24.75624
45.29784
24.51538
8.834023
9.481529
28.7372
12.91325
-41.42677
-45.80013
-15.40955
-26.67874
-7.96228
7.333725
10.5435
13.02213
35.76966
31.42461
-32.60534
38.9835
-15.26984
-41.95997
47.34042
25.97951
-32.56222
16.67721
-30.89554
36.95552
-20.23951
7.05587
-4.256691
7.449791
-39.81732
0.520256
-14.82984
38.3222
-9.363174
35.87913
-16.69618
-2.830177
-40.14787
-42.73235
-29.85136
-4.232498
-6.019905
44.23074
-15.9837
16.09806
-24.09433
-41.6256
19.61921
-22.62159
-5.249924
-13.57336
-3.132942
29.56804
-12.38027
-46.68995
-22.33089
-43.39278
10.57648
25.52729
7.128235
-17.40837
-22.09027
-16.38738
14.80749
3.772026
-36.9806
4.152039
1.69751
18.81142
16.09023
19.656
-29.31049
3.90963
42.92943
-3.299507
4.068115
2.084663
-39.32817
-45.52379
-32.50359
-35.97836
-37.86212
-7.786911
-10.50091
-25.26767
-10.98779
29.29292
0.5015564
-6.78672
-23.72205
42.72149
46.38599
33.52132
18.58835
47.44149
-34.41357
-25.25101
-13.04238
-20.38096
