-3.96399
18.23893
9.546827
-2.899816
2.094022
-20.98611
28.74102
-30.8339
-4.351463
-8.075362
16.69747
12.03552
-20.03368
21.18132
9.63288
-30.96397
22.59811
-8.972317
2.568072
-9.658797
-18.25056
27.44732
-5.367797
-2.954694
-3.405411
-25.08695
30.73583
12.69559
-24.31607
-0.7388134
23.88287
-21.77697
29.63774
-29.28126
18.91836
1.396277
-10.13718
-12.1197
-17.80091
-5.450649
-5.500339
30.02341
17.11971
5.005173
-28.95376
-25.56297
-25.37095
17.77696
-25.90287
-3.816319
-19.29684
1.054134
-21.9004
2.960591
8.99081
4.876813
9.36679
-29.45613
-0.8241272
-18.7421
-21.26938
25.88089
7.536819
-17.30314
-30.93914
-8.512597
-29.10805
-19.10486
28.76357
-25.67388
28.49362
-1.656602
-29.74497
-16.46084
8.741137
28.65725
7.965594
27.97141
-8.205864
-0.2136097
-25.09335
-2.344673
-4.125499
-25.71079
-29.12404
28.07176
-9.607792
10.40164
3.441169
-14.68678
23.47082
-15.0606
-28.21102
25.60538
-1.031872
-25.90057
11.59952
-1.969639
12.55963
-9.519898
-25.80672
-6.505016
2.861938
-27.42378
-7.548814
7.580499
26.59398
18.96156
1.700585
2.48179
-30.28011
6.774425
29.05276
22.32847
-25.993
3.247466
12.69843
0.08480835
23.06484
-18.70867
-0.8555012
-1.594525
21.429
-15.97639
20.1239
12.16619
-5.006599
-20.65344
-16.45935
-10.88185
2.004089
-1.402915
21.51736
4.688152
-13.43213
-2.681805
-15.38672
26.75507
13.24494
29.22526
22.23603
14.831
-7.980174
-18.82386
-9.569684
-12.86819
30.59557
25.60597
-22.24488
-20.05942
27.37223
24.02569
15.86421
-9.277459
-17.93518
-13.85864
11.20977
-14.69189
-26.31698
-23.72689
26.64226
-8.659863
20.60938
17.79356
0.3590946
-10.12955
-8.706485
4.275735
23.53909
-15.76188
7.859814
-30.08964
17.68296
-24.65112
30.99741
-25.09908
18.43808
-12.96509
15.38596
-6.087743
-21.25527
-11.79667
-26.20623
8.901713
11.60235
21.53904
16.23183
14.64704
-24.43942
-21.8037
21.67883
3.774405
-4.895497
9.854003
13.65818
16.34928
19.89121
-27.45061
16.34398
20.98663
-4.292816
21.13281
-11.67119
-4.896998
-9.686226
12.09957
20.89634
-15.64386
-22.29852
-26.83291
16.51375
-3.627251
-22.88919
-18.89975
16.51182
18.22824
18.64412
7.848579
-29.79817
28.79955
-17.82302
2.503223
-13.53629
-20.09552
-13.09084
15.58491
7.380543
7.817116
-5.288364
4.674042
-28.41209
0.2204018
24.21613
-3.700127
-7.428733
3.786919
26.30613
18.47295
-11.99172
28.89374
13.9596
1.680114
1.152936
-9.448273
7.034402
-15.64997
-12.93692
13.1358
-1.099537
-28.36369
24.6249
-23.85945
-29.31456
-23.38657
23.97108
-16.1855
6.265392
-15.55233
-10.04826
2.171945
-2.487828
-5.24736
-8.274379
-10.23696
13.51557
10.0923
-12.07386
9.850108
-11.22645
13.54326
26.88091
-0.8256416
5.634492
19.1429
3.398663
30.59091
-27.55898
7.214816
-26.89683
25.10668
18.65176
-24.38547
12.25795
30.53837
-28.14498
23.48136
-12.75508
-23.46647
14.38237
17.8119
12.56512
-21.494
-24.81435
15.16939
-1.635139
19.72733
-3.200894
-17.05752
-24.95409
-30.38585
9.721343
-16.69429
-23.55872
-6.030124
-20.65316
21.54446
25.91058
-8.53511
-17.38168
-25.62405
-19.04135
30.28607
-18.68853
11.87028
3.922195
27.48809
17.74006
21.95699
-7.357949
-17.7973
-16.27479
13.09968
-15.15869
27.04813
-11.58531
28.40849
1.956779
6.516997
-24.60493
6.480123
-19.14206
-3.699187
-11.45744
20.94577
5.557965
-2.553668
28.55541
15.33183
-29.77079
-19.83043
-14.79847
-30.58453
-1.308894
25.11485
-27.48847
9.467131
-18.73598
19.35881
-2.904575
-1.347001
16.00114
0.603632
4.877294
-7.565207
-3.383526
9.531291
-11.31879
29.88012
11.17957
17.71023
-9.09817
30.81704
28.94323
30.06739
-10.42744
11.39883
-28.09027
-29.23549
21.47441
22.27645
8.389732
-25.01868
5.45614
8.975585
14.41194
2.182094
24.1173
-9.550719
23.67065
-8.632035
10.34422
-1.846484
13.52038
-18.78863
-20.89948
17.69463
18.21056
7.873377
28.35044
-29.32696
-15.83651
10.84327
-2.186218
14.7157
-9.969898
-10.91298
26.48053
6.189095
22.38421
-25.60548
10.99452
22.40291
-5.578277
-27.8
28.98169
-14.7226
-9.781895
-14.77162
23.8702
17.33465
22.83372
-18.08712
-30.31962
-25.81258
22.82478
