-22.70563
-35.80555
-37.44732
-5.854053
25.14887
-42.5252
2.224648
33.72326
-42.21093
-44.26514
46.28142
46.23743
14.17094
-13.99516
-34.58669
-15.5698
-14.45291
45.97789
28.29715
-2.986874
-20.2204
9.989147
-16.05415
-41.95799
9.263058
-40.58427
-32.40065
-5.027386
37.42109
-43.70898
46.61701
42.74728
10.54987
31.27402
-16.50169
2.833179
-25.04429
12.37334
-8.383118
8.73933
32.12975
-41.60033
17.055
-32.47411
28.8848
29.77654
-15.02985
44.578
-47.73149
9.135918
25.57632
48.2537
-46.09728
23.04794
4.773609
-36.52898
-43.42395
3.120872
-16.82846
-32.37392
7.04388
22.42789
-16.67942
35.964
-16.16401
16.55401
46.84734
-23.33884
23.04662
-2.834778
48.7764
22.30087
1.10836
14.83378
32.49539
30.96503
-30.91818
11.9393
46.10683
-48.12019
-8.749401
2.288948
9.266388
-3.882816
-3.727089
48.76398
10.10947
5.153618
-43.30112
9.591335
-19.15451
-2.485565
6.188419
-24.24146
-31.76623
-9.824097
-32.20929
-24.7306
48.54376
2.29937
-46.54462
30.43314
-15.28439
14.83634
28.32048
-17.14341
6.409313
20.02812
-10.47922
-26.57416
46.84953
29.81401
39.92579
-3.843693
-33.96471
44.46123
-25.27689
-3.286411
26.08231
-24.95999
33.74683
-35.85577
-41.45695
-16.82575
1.729053
-30.84623
29.48047
4.730663
42.26267
-48.23006
-27.13995
44.54756
-9.620438
47.41535
14.0437
39.10209
41.23261
-45.11013
-11.35234
-23.01983
-42.34466
18.93291
-47.54064
-18.2799
-32.45818
17.14609
27.62582
-37.78924
-15.15159
34.51432
-48.99541
27.19803
15.12421
-29.6764
19.87797
-34.69882
24.79767
32.82336
-6.811073
-6.090366
-42.74761
44.02483
-18.99103
40.94199
14.39606
-2.264053
17.73039
-31.61265
-30.77724
-16.86217
28.62528
37.50159
-32.07967
10.49417
-9.963703
-29.2799
34.32991
6.320827
-14.31885
16.88206
30.18173
-20.53065
40.41544
36.0105
-26.33422
-29.76086
33.3884
47.78685
17.00185
16.13412
-21.60877
22.90799
22.48475
31.59358
48.50471
22.01283
-19.16747
15.1115
10.18349
-25.47247
-41.0237
-26.61908
24.49435
26.54917
31.44773
35.94453
37.80262
16.51867
-36.92258
-23.54991
-6.254017
31.73489
-2.69862
-4.222672
10.94898
-1.052856
-38.06911
36.30045
-5.113815
-48.81484
-43.89167
-17.58994
2.791985
21.93713
0.7769394
13.01028
-22.30946
15.2529
-37.20002
-17.13206
27.21321
5.612598
40.08899
25.48906
0.2382355
-42.3533
22.96848
2.4758
5.832977
31.23225
41.95619
-39.81346
1.57225
-24.33051
-13.56504
11.59924
3.569691
5.111736
-23.83935
8.260883
-14.72115
-28.45833
47.41952
-48.32176
-4.598976
-35.44479
-30.14873
-42.75764
-7.996368
-22.33826
-21.31287
38.87163
7.447922
-25.77541
5.647541
48.09053
-22.31795
-39.85496
-15.31097
26.72035
28.01981
21.05689
-33.53364
-28.86926
-1.733257
-20.6286
41.4594
3.160919
13.31189
12.21211
-47.9728
-12.71439
32.33382
-37.36868
47.01049
-22.00059
25.77339
-38.63567
41.79258
22.36987
-47.39742
-0.6681976
32.87299
13.89521
-2.789848
5.946697
-14.49755
-12.53916
-40.27098
-10.13864
32.57243
-2.069736
30.24667
-13.26725
22.74029
2.328072
25.69694
26.14231
-42.85358
-3.921825
-22.82103
48.83739
-22.86147
3.198185
-41.32108
-19.56312
-43.64001
22.57867
-41.40321
-19.97231
-16.57936
-7.984837
-8.479416
7.373386
2.429806
15.34454
17.40159
-4.913448
-46.29503
-35.07053
3.976135
16.79419
23.00853
-31.55336
27.44259
38.18768
34.55106
-37.08652
43.04031
-41.25409
-16.28426
-3.733387
-41.07525
-40.25308
12.35872
17.68562
-15.95824
-36.55434
3.274052
-44.26694
32.74083
43.63953
-43.8348
-7.018124
28.59517
20.05363
27.10025
43.9096
35.58536
5.460693
45.91822
35.97797
41.37497
-12.34562
-28.06615
-34.10748
20.78099
6.026218
40.90638
-19.52306
-14.14401
-4.102703
-44.20882
4.192287
-35.00419
19.05015
24.18567
-5.750092
-38.68273
5.152111
-28.80396
-12.54425
-4.877056
-0.7054672
28.54285
-17.27552
38.09601
-20.10991
-23.7454
3.658279
-3.773739
-6.537025
42.71844
-29.25519
0.4180069
-24.31852
33.30096
-23.84731
-44.50194
-29.9498
29.48066
-15.41705
-48.83213
-42.15065
32.49657
37.61217
-29.60406
37.63267
48.17981
27.95998
15.75904
-13.86061
-29.42468
3.743153
-18.45161
