-44.409
44.5948
-19.03111
29.65543
27.65613
42.47743
-33.57008
36.2334
18.55754
15.99364
-21.44649
-31.17561
39.83556
-15.44904
-30.14882
-21.61743
-12.06813
-3.810875
-44.59856
-13.06682
-15.78699
-43.76349
34.09789
33.46084
33.48739
-13.30412
-0.04623413
-19.37012
18.1441
-16.6814
-48.06316
-8.683384
-44.34421
-13.09948
-26.75224
-12.10992
-17.62652
16.47369
-33.21528
10.21005
16.43338
30.29895
45.0162
-12.46659
18.75493
35.46489
-47.7446
3.233353
-30.4735
36.34311
11.39465
-42.99342
13.88506
33.00484
37.75603
26.81137
-44.89846
-10.31026
6.281235
1.252171
0.6518784
16.92354
-47.35322
33.41988
-38.84969
-10.94316
-20.53345
-18.11137
-19.57462
27.85134
25.12131
27.42656
-19.9175
-31.84648
-13.16908
-37.71709
-3.482819
-12.56115
-4.503742
21.26048
-13.64969
38.28759
-43.97128
1.341217
37.48409
48.55347
-44.80008
-11.59752
16.28911
12.71513
-0.3091965
-39.06328
-14.45445
24.98492
-16.31134
-41.20701
30.06161
-38.62785
10.46741
-15.21222
-38.75594
42.83797
-41.43009
12.07777
48.13885
24.54294
-29.4828
21.08546
-21.08371
-8.324799
26.77711
27.33525
-46.23792
8.219528
-46.02709
-22.56365
31.14407
27.19735
44.15519
-48.44044
-23.78468
-10.31327
-13.89943
20.96484
-40.79212
1.219929
-31.91947
25.13306
-38.85831
8.778374
-27.77393
11.8637
18.56699
2.144554
2.178665
-20.52639
43.77614
32.43929
-46.49901
-16.52549
16.592
-45.62616
8.849472
-26.97755
-15.38247
-34.38049
2.252209
-3.431252
-18.17648
-0.8925247
13.37714
19.11954
-32.07993
-47.20337
7.775921
12.47272
-38.93736
31.67228
22.50769
-7.601337
-28.02897
-42.99013
36.30904
27.33028
-25.00101
38.92648
-48.0388
4.821354
-39.38045
-24.97057
-14.49771
-2.117004
3.527317
45.35486
8.887383
-0.9564629
-9.564045
45.41631
-14.9439
13.09934
6.49971
-30.59249
-9.25919
8.070938
35.28027
-46.19725
13.87423
14.77354
-20.19437
-26.52802
32.75413
-13.1316
-8.184246
-36.37409
14.64403
8.670567
28.66349
-19.59824
3.32341
-30.28576
27.16746
9.120777
-15.2131
8.21273
3.236668
-38.84245
2.801952
39.49546
-41.07325
10.65999
-1.648197
-1.223141
-28.80312
-26.05369
-3.836182
-22.10587
38.84879
44.73081
-29.70183
21.43954
34.23206
11.40829
29.91839
24.99383
9.17469
31.07352
-35.82304
-5.18689
26.37005
-16.53479
16.82389
0.6036072
23.02228
42.13686
33.87877
-13.4213
-9.518845
-11.67955
2.743713
-35.76292
-7.425152
8.258499
26.37888
8.492924
20.41841
7.674725
-26.89264
24.24245
-16.49812
-9.994987
-35.89375
33.87807
36.70169
23.84355
37.63628
-17.39916
20.24678
17.73897
-12.95751
40.63995
-28.05486
-12.00957
-17.90162
4.301003
38.20946
7.03796
38.81094
39.79636
24.25207
-9.697987
21.25185
12.49463
8.815651
-7.170742
12.4834
9.207191
-16.7811
-9.415676
-16.04521
8.650951
23.22989
-29.87327
47.92313
23.47981
-44.76951
-19.95422
-24.29153
27.4734
47.51945
31.81318
0.3248978
1.345772
-42.38491
8.374275
4.320538
24.10346
29.25021
12.73233
-27.30621
-7.346272
-4.881599
25.09188
-29.33288
-19.91703
25.39229
27.58148
-8.849915
35.54232
27.65935
30.75104
9.116264
-30.59962
6.744659
46.28108
41.34094
35.42122
-13.24612
-27.00484
-43.1059
48.28912
-3.466324
0.1306152
-15.86239
38.54733
27.57979
46.98757
-10.42611
23.48558
-32.65858
24.33702
36.9595
27.66604
2.615719
-5.252895
48.46112
-44.0976
12.93681
-37.40682
25.90747
13.20522
17.32191
-45.50664
-31.04431
39.66319
14.83714
-11.92315
-42.8895
13.53317
15.26117
-12.93389
16.10358
-12.7076
-47.44559
-0.9255409
-34.94962
-18.86903
16.85109
22.6672
-5.423729
40.4688
6.200161
-42.26388
-8.711689
-36.02088
-44.4945
-4.595684
-31.42113
15.184
-10.05563
-11.75974
14.20197
-35.68684
-41.58426
-9.315849
19.96089
-17.18947
-20.74955
-47.78095
30.57058
29.49719
-16.21954
19.94755
-46.65609
2.263493
5.901146
-34.83601
-32.29446
-31.09981
-25.24699
21.30604
-13.89175
-14.34244
-5.551945
42.76812
33.35298
-31.33053
-9.168453
-41.50336
0.02479553
2.67849
-38.1923
23.759
-1.649506
10.59346
1.41151
-8.005386
17.68796
43.99296
20.99104
-24.06033
-4.870049
14.15573
-14.80204
-12.95322
27.92319
