9.513992
9.207296
4.018982
7.690057
2.117922
3.169157
-17.80404
12.8182
0.2209072
19.56162
-14.41448
-12.10281
-9.936306
11.11843
5.118579
-0.7765503
16.95378
-11.98981
-5.757534
6.216573
12.67918
11.77853
-18.47181
-16.86034
-10.08377
11.30846
-1.412628
-11.5512
5.639085
-19.9585
-11.84336
16.83006
-19.68294
-4.009277
10.82208
-16.83569
-15.37935
3.222734
-19.98964
-7.461435
16.21292
-6.590759
-16.3152
9.594883
10.8287
-12.65641
-1.761597
-10.76179
-4.054081
-12.51413
-11.15164
4.417469
16.42784
-13.6728
6.244587
17.43922
-11.93492
-4.220583
-11.87482
12.1853
-13.41882
5.891122
-6.255562
0.9522228
5.495505
-13.03305
-17.22838
19.22233
-1.025269
-3.562592
-13.05007
9.41412
-2.913445
9.999775
17.73195
-10.46551
-6.680986
-2.245472
11.08471
-4.319809
19.08416
15.90838
12.67187
9.47073
-7.238043
5.512805
18.58184
-7.077749
17.74432
1.620857
-4.550694
-17.63267
-5.209686
-7.924603
-2.042105
14.37299
19.35893
-12.15216
-6.343061
13.15097
0.3819294
-1.476248
-5.980986
-10.89602
15.95943
0.6379013
-6.234119
10.44683
8.50666
-1.016195
7.807045
9.167132
1.035908
4.653881
-18.22129
-18.82861
0.7100372
-17.04911
-2.76848
-0.8843117
-5.545776
-5.531757
18.43882
19.14705
6.423782
-11.68221
-19.09477
13.72079
-0.7123871
3.513353
4.682472
-2.300041
8.034248
3.636162
17.30302
-14.0038
-4.12738
-19.43426
-8.740847
15.3185
-17.03747
-11.73261
11.74104
-0.9050541
-4.25061
-5.752419
11.85528
18.04506
-1.275742
-6.68556
4.160854
-6.275557
10.35222
-0.06625366
-11.92828
8.54174
19.95107
-13.06263
12.96926
17.53151
-1.144722
10.6687
10.50227
5.999866
18.92481
-19.4882
4.416258
10.61062
9.814342
-12.52722
-15.65813
-15.64572
10.69275
-9.976929
-12.17734
-0.5498524
1.482466
8.020653
15.77783
-1.444618
10.00996
0.9518318
7.632131
-3.69869
15.55699
-0.7388382
-15.93388
5.3129
-14.46247
18.54377
-5.00643
13.17056
7.930831
14.70487
-16.30497
14.10229
14.96722
13.64882
6.621566
-15.08938
-4.799149
15.72803
-4.008038
18.15372
-10.02239
13.07228
-18.18468
0.3824635
14.97312
13.28947
-18.04454
-2.035807
-17.66079
-7.656572
-8.004511
-2.205431
17.14362
17.50011
-10.01614
2.734577
10.44802
-18.5281
18.63215
-12.23409
7.975816
-12.24166
19.02443
19.62865
-15.01958
14.27174
-3.174831
5.881591
3.43169
10.54326
-14.65019
15.31299
12.51428
-6.096247
19.06979
-12.25313
17.79709
-19.72587
7.00819
-9.203903
-7.498505
-0.3156929
-9.252642
8.112044
19.07737
-17.2977
14.2664
-10.86749
-9.452456
-7.024099
-10.04951
-5.647476
-6.737936
10.20316
7.764101
15.39314
-5.056154
-14.43226
-1.929037
4.548529
18.13919
13.4242
-3.333265
9.331379
-11.07008
-2.662413
1.916868
-18.32067
-13.8151
6.332397
0.8915539
-10.2216
7.985258
-15.80743
15.25428
-12.48578
-0.1342659
2.756794
-13.74181
-10.79598
5.26876
18.94814
10.98332
7.719111
9.725288
-14.11563
-1.118153
18.73367
8.880606
-5.214464
-8.310987
-8.574879
15.63306
7.823219
0.1231747
19.85288
-4.83289
17.54137
-19.34776
1.263248
0.1006336
6.910657
3.503792
2.156145
8.569479
18.11112
8.078852
-18.18026
-3.473484
13.55008
-2.489317
-1.397011
-16.43266
14.96265
-0.4298038
-12.01809
17.44229
14.49507
17.03724
17.6784
-15.47433
1.902874
-0.6367092
4.918587
-4.246834
-10.87858
-2.024315
-0.01305771
-5.151083
15.17074
-6.442568
10.61973
6.918268
18.10953
5.720672
16.56119
-8.568193
-8.423244
-6.369059
-7.160761
-3.149231
-1.12941
4.872553
17.24875
11.78162
-3.551142
-17.31418
8.178263
0.6639557
16.3027
-17.91338
-11.56045
-11.44506
-5.113562
16.62646
-9.283741
2.189205
-0.05218315
3.595583
12.24361
-7.889091
-2.468836
16.51203
3.393042
5.840468
14.82076
-16.6268
19.59364
-0.6875591
-17.06476
10.77459
19.49902
5.595383
-10.05176
-7.071545
10.54452
-10.05721
-6.121281
2.040918
-0.5559902
-9.704458
5.899601
9.326224
19.32979
12.92435
-10.78881
-5.478933
15.05008
-4.453642
-12.97437
2.303846
-1.41762
3.159693
15.33899
15.34051
12.21776
10.61584
-1.053259
2.022856
15.95621
9.268179
-15.16547
-16.10377
-2.694624
10.85135
-13.57992
-16.993
19.7854
16.93878
-13.98205
-16.23009
14.29559
4.578487
-7.912113
3.207863
-9.862349
2.388479
-1.741674
0.933773
12.54955
-8.645113
-10.09036
-1.425932
3.838341
5.60338
0.04125404
-19.21328
12.55422
6.323242
-6.701887
-7.373783
-4.526894
7.297501
-1.386889
-3.502243
7.645177
1.808966
6.54623
-18.16371
18.76533
-12.68501
13.14532
13.49986
-6.16762
-10.80014
0.2305145
-15.53491
10.25288
3.78896
-19.01048
10.23674
17.25802
-11.95034
-18.97998
-10.90705
11.47843
-18.21048
13.0123
1.242559
-18.93398
7.132902
-5.480616
-16.0443
-14.12251
-1.262524
-16.49443
7.453699
-18.95529
-17.09349
-16.58543
2.573565
-8.463142
7.744274
-15.79653
0.760334
11.12346
6.725345
17.05134
13.18897
-0.5684547
-6.41555
-12.26849
8.252573
2.660301
-0.2811508
-15.79035
2.987726
-17.26014
3.241493
12.37322
3.574389
10.29068
16.8471
19.19221
12.26579
18.70618
2.414991
-19.07616
-15.2194
-12.57707
10.6594
12.11359
-5.83782
9.374336
15.50195
-8.374054
6.876926
2.306011
-13.48949
7.837295
-0.3789063
15.24188
-7.200233
-5.635984
-9.200466
14.7326
0.4019375
-7.428377
-17.73486
6.350231
-10.73908
-13.24268
-12.01206
-6.782778
8.0233
19.56229
1.162546
-18.30557
13.92044
18.68451
12.55178
-12.13772
-7.525713
-12.244
-2.340834
10.26865
14.74504
13.37566
2.636745
-18.57184
9.586077
-5.688103
-16.60171
1.663883
-8.2708
8.719249
2.596914
3.669569
-6.362392
-18.17868
-15.45313
3.879774
-19.98837
14.14495
-5.032356
16.84396
12.06558
13.41098
-6.122721
-1.312744
-5.264761
-11.29121
-15.00722
0.3869514
15.87322
-12.80686
-11.21594
-17.05882
-6.957319
-3.920662
6.755514
